     0/199     1.73G   0.09929   0.02704   0.02972     0.156        46       640         0         0         0         0    0.1344   0.03151   0.03331
     1/199     2.26G   0.09582   0.02444   0.03076     0.151        75       640  0.002653   0.03846 0.0002368 2.368e-05    0.1321    0.0295   0.03307
     2/199     2.26G   0.09558   0.02098   0.02899    0.1455        59       640         0         0         0         0    0.1304   0.02737    0.0324
     3/199     2.26G   0.08995   0.01821   0.02867    0.1368        37       640   0.01109   0.03846 0.0008564 0.0002569    0.1293   0.02572   0.03175
     4/199     2.26G    0.0891   0.01744   0.02652    0.1331        51       640   0.01459   0.03846  0.001241 0.0003523    0.1275   0.02511   0.03113
     5/199     2.26G   0.08859   0.01616   0.02605    0.1308        64       640   0.01315   0.03846  0.001946 0.0004349    0.1263     0.025   0.03076
     6/199     2.26G   0.08354   0.01509   0.02388    0.1225        54       640   0.01088   0.03846  0.001886 0.0003111    0.1248   0.02565   0.03063
     7/199     2.26G   0.08214   0.01484   0.02239    0.1194        54       640   0.02454   0.07692  0.004285 0.0006671    0.1235   0.02607   0.03038
     8/199     2.26G   0.08255   0.01398   0.02169    0.1182        59       640   0.03142   0.03846  0.003411 0.0008727    0.1227   0.02588   0.03029
     9/199     2.26G   0.08163   0.01347   0.02136    0.1165        63       640   0.03814   0.07692  0.006408  0.002523    0.1218   0.02655   0.03043
    10/199     2.26G   0.07957   0.01254   0.01983    0.1119        44       640   0.04843   0.07692   0.00883  0.002082    0.1216   0.02647   0.03005
    11/199     2.26G   0.07783   0.01383   0.01859    0.1103        54       640   0.05477   0.03846  0.004992  0.002632    0.1219   0.02602   0.03011
    12/199     2.26G   0.07542   0.01421   0.01817    0.1078        45       640   0.06229   0.03846  0.007764   0.00504    0.1197   0.02683   0.02985
    13/199     2.26G   0.07756   0.01429   0.01728    0.1091        51       640   0.08317   0.03846  0.007752  0.004678    0.1197   0.02667   0.02929
    14/199     2.26G   0.07435   0.01263   0.01694    0.1039        60       640    0.1244   0.03829   0.01023  0.005747    0.1214   0.02509   0.02878
    15/199     2.26G   0.07703   0.01416   0.01691    0.1081        69       640    0.9987   0.03846   0.04325   0.03863    0.1197   0.02493   0.02869
    16/199     2.26G   0.07636   0.01373   0.01528    0.1054        41       640    0.9985   0.03846   0.03827   0.01885    0.1195   0.02491   0.02816
    17/199     2.26G   0.07183   0.01294   0.01413    0.0989        59       640    0.9988   0.07692   0.07803   0.02712    0.1169   0.02628   0.02804
    18/199     2.26G   0.07015   0.01421   0.01354   0.09789        51       640    0.9999   0.07692   0.08077   0.03857    0.1155   0.02735   0.02727
    19/199     2.26G    0.0715   0.01264   0.01314   0.09727        71       640    0.7498   0.07692   0.06361    0.0241    0.1143   0.02819   0.02629
    20/199     2.26G   0.07013   0.01375   0.01243   0.09632        49       640    0.9996   0.07692   0.08693    0.0441    0.1125   0.02723    0.0256
    21/199     2.26G   0.06693   0.01429   0.01152   0.09274        45       640    0.9998   0.07692   0.09499   0.05278    0.1121   0.02722   0.02547
    22/199     2.26G    0.0683   0.01354   0.01106    0.0929        57       640    0.9983   0.07692   0.09148   0.04148    0.1113   0.02757    0.0252
    23/199     2.26G   0.06734   0.01386   0.01061    0.0918        53       640    0.2399    0.1749    0.1369   0.05944    0.1093   0.02742   0.02467
    24/199     2.26G   0.06512   0.01484   0.01055   0.09052        76       640    0.3742    0.2404    0.1907    0.1076    0.1074   0.02764   0.02428
    25/199     2.26G   0.06365   0.01364  0.009986   0.08727        55       640    0.6834    0.2399    0.2278   0.08268    0.1067   0.02785   0.02375
    26/199     2.26G   0.06354   0.01352   0.01032   0.08738        58       640    0.6511    0.2019    0.2375   0.09744    0.1056   0.02759   0.02338
    27/199     2.26G   0.06347   0.01563  0.009357   0.08846        70       640     0.659    0.3164    0.2998    0.1217    0.1036   0.02848   0.02221
    28/199     2.26G   0.06585   0.01218  0.009411   0.08743        60       640    0.3674    0.2163    0.1506   0.06899     0.107    0.0281   0.02143
    29/199     2.26G   0.06556    0.0138  0.008628   0.08799        60       640    0.4652    0.2159    0.1954    0.1085    0.1023   0.02811   0.02125
    30/199     2.26G   0.06285    0.0152  0.008478   0.08653        77       640    0.3648    0.2163    0.2165   0.06292    0.1023   0.02855   0.02114
    31/199     2.26G   0.06278   0.01303  0.007824   0.08363        55       640    0.4257    0.2163    0.2027    0.1139    0.1009   0.02837    0.0206
    32/199     2.26G   0.06227   0.01404  0.008399    0.0847        69       640    0.3256    0.4183    0.2479   0.07677    0.1026   0.02753   0.02003
    33/199     2.26G   0.06224   0.01284  0.007457   0.08254        83       640    0.2121    0.3702    0.1825   0.05712    0.1053   0.02601   0.01962
    34/199     2.26G   0.06182    0.0129  0.007772   0.08249        57       640    0.3996    0.4952    0.3632    0.1428   0.09921   0.02733   0.01923
    35/199     2.26G   0.06108   0.01429  0.007519   0.08289        57       640    0.5858    0.3942    0.3322    0.1793   0.09962   0.02656   0.01942
    36/199     2.26G   0.05767   0.01411  0.006136   0.07791        52       640    0.8474    0.2788    0.3209     0.118   0.09737   0.02662   0.01931
    37/199     2.26G   0.05644   0.01309  0.006436   0.07597        54       640    0.2494    0.3077    0.2597   0.07657    0.1033   0.02549   0.01955
    38/199     2.26G   0.06039   0.01201  0.006905   0.07931        61       640    0.5199    0.3173    0.2671   0.06953     0.103   0.02451   0.01981
    39/199     2.26G   0.05697   0.01226  0.006508   0.07573        31       640    0.6216    0.4262    0.4219    0.1708   0.09797   0.02579    0.0199
    40/199     2.26G   0.05896    0.0134  0.006006   0.07836        65       640    0.3199    0.3462    0.2963    0.1321    0.1011   0.02553    0.0193
    41/199     2.26G   0.05734   0.01292  0.007226   0.07748        69       640     0.826    0.3942    0.4007    0.1167    0.1003   0.02512    0.0194
    42/199     2.26G   0.06062   0.01199  0.006356   0.07897        60       640    0.3011    0.3798    0.2435   0.08352    0.1036   0.02433    0.0196
    43/199     2.26G   0.05933   0.01147  0.005858   0.07666        41       640    0.8077    0.3923     0.375    0.1442    0.1007   0.02474   0.01963
    44/199     2.26G   0.05536   0.01192   0.00575   0.07303        29       640    0.5846    0.4327    0.4347    0.1714   0.09798   0.02547   0.01925
    45/199     2.26G   0.05515   0.01297  0.005069   0.07319        62       640    0.4579    0.3942    0.3304    0.1209   0.09704   0.02678   0.01854
    46/199     2.26G   0.05609   0.01349  0.005177   0.07475        47       640    0.6259    0.5557    0.4957    0.1791   0.09361   0.02755   0.01838
    47/199     2.26G    0.0528   0.01417  0.005344   0.07231        62       640    0.6471    0.5711    0.5179    0.1425   0.09423   0.02752   0.01796
    48/199     2.26G   0.05454   0.01218  0.004546   0.07126        66       640    0.4882    0.4567    0.4241    0.1716   0.09385   0.02724   0.01762
    49/199     2.26G   0.05212   0.01321   0.00432   0.06964        59       640    0.5186    0.4952    0.4663    0.1895   0.09183   0.02793    0.0175
    50/199     2.26G    0.0523   0.01282  0.005085   0.07021        63       640    0.4695    0.6305    0.5117    0.1744   0.09395   0.02709   0.01654
    51/199     2.26G   0.05511   0.01235  0.005345    0.0728        47       640    0.8825    0.3558    0.4052    0.2003    0.0947   0.02561   0.01602
    52/199     2.26G   0.05422    0.0108  0.004391   0.06941        37       640    0.7199    0.3942    0.4734    0.2404   0.09388    0.0252   0.01593
    53/199     2.26G   0.05514   0.01208  0.004286    0.0715        43       640    0.7168      0.48    0.5289    0.2531   0.09175   0.02623   0.01619
    54/199     2.26G   0.05473   0.01336  0.004879   0.07297        86       640    0.6098    0.6581    0.5795    0.2094   0.09025   0.02796   0.01561
    55/199     2.26G   0.05341   0.01135  0.004551   0.06931        56       640    0.4931    0.6336    0.5608     0.242   0.08876    0.0287     0.015
    56/199     2.26G   0.05154     0.014  0.004991   0.07054        72       640    0.6118    0.6965    0.6097    0.2757   0.08641   0.02904   0.01484
    57/199     2.26G    0.0538    0.0122  0.004545   0.07055        65       640    0.8524    0.3798    0.4602    0.2017   0.09102    0.0278   0.01437
    58/199     2.26G   0.05402    0.0106  0.004142   0.06876        45       640    0.6082    0.5568    0.5299    0.2336   0.08631   0.02909   0.01458
    59/199     2.26G   0.05118   0.01279  0.004298   0.06827        51       640    0.2761     0.415    0.2991    0.1281   0.09092   0.02809   0.01465
    60/199     2.26G   0.04937   0.01214  0.003816   0.06533        40       640    0.5973    0.4567    0.4616    0.1994    0.0878   0.02808   0.01491
    61/199     2.26G   0.05111   0.01173  0.003807   0.06665        76       640    0.6721    0.4423    0.4617    0.1437   0.09443   0.02591   0.01489
    62/199     2.26G    0.0561   0.01131  0.004235   0.07165        40       640    0.7413    0.4808    0.5567    0.2665   0.09153   0.02648   0.01539
    63/199     2.26G   0.05022   0.01165  0.004474   0.06635        50       640    0.5923    0.4546    0.4668    0.2132   0.09073   0.02685   0.01526
    64/199     2.26G    0.0477   0.01186    0.0036   0.06316        55       640     0.575    0.5577    0.4888    0.1767    0.0881    0.0276   0.01544
    65/199     2.26G   0.05247   0.01269  0.004122   0.06928        59       640     0.563    0.5187    0.5085    0.1753   0.08559   0.02894   0.01529
    66/199     2.26G    0.0509   0.01221  0.003406   0.06651        60       640    0.6375    0.6346    0.5955    0.2235   0.08468   0.02976   0.01503
    67/199     2.26G   0.05072   0.01254  0.003807   0.06707        76       640    0.7503    0.5621    0.5997    0.2648   0.08249    0.0305   0.01461
    68/199     2.26G   0.04718   0.01215  0.003372    0.0627        34       640    0.8749    0.5298    0.5348    0.2679   0.08038    0.0299   0.01446
    69/199     2.26G   0.04454   0.01287  0.003919   0.06133        59       640    0.8181    0.6585    0.6032    0.2386   0.07979   0.02979   0.01407
    70/199     2.26G   0.04571   0.01129   0.00315   0.06015        50       640    0.7516    0.5817    0.6473    0.2637   0.07854   0.03003   0.01418
    71/199     2.26G   0.04585   0.01202  0.003187   0.06106        77       640    0.8916    0.4183     0.535    0.2618   0.07801   0.03053   0.01385
    72/199     2.26G   0.04573   0.01197  0.003227   0.06093        53       640     0.777    0.4808    0.5316    0.2485   0.07933   0.03066   0.01359
    73/199     2.26G   0.04886   0.01211  0.003221   0.06418        48       640    0.5553    0.4806    0.4557    0.2363   0.07821   0.03059   0.01318
    74/199     2.26G   0.04714   0.01241  0.002904   0.06246        60       640    0.8794     0.418    0.4885    0.2705   0.07741   0.03042   0.01289
    75/199     2.26G   0.04821   0.01095  0.002723   0.06188        43       640    0.6515    0.4808    0.4605    0.1981   0.08302   0.02982   0.01284
    76/199     2.26G   0.04987   0.01294  0.002799   0.06561        69       640    0.5451    0.5192    0.4013    0.1772   0.08413   0.02957   0.01255
    77/199     2.26G    0.0496   0.01095  0.002828   0.06338        52       640    0.6377    0.6163    0.5714    0.2946   0.08163   0.02983   0.01237
    78/199     2.26G   0.04759   0.01232  0.003427   0.06333        54       640     0.597    0.6587    0.5792    0.2947   0.07999   0.03024   0.01226
    79/199     2.26G   0.04909   0.01127  0.002871   0.06323        48       640    0.6606    0.5186     0.562    0.2189   0.08035   0.02971   0.01229
    80/199     2.26G   0.04537   0.01196  0.002925   0.06025        53       640    0.6886    0.5955    0.5899    0.3428   0.07384   0.03048   0.01223
    81/199     2.26G   0.04286   0.01325  0.002793   0.05891        46       640    0.7316    0.6198    0.6329    0.3527   0.07487   0.02942   0.01188
    82/199     2.26G   0.04258   0.01196  0.002555   0.05709        33       640    0.6535     0.634    0.6573     0.329   0.07586   0.02919   0.01159
    83/199     2.26G   0.04122   0.01257  0.002323   0.05611        49       640    0.6886    0.6911    0.7385    0.3098   0.07475   0.02884    0.0114
    84/199     2.26G   0.04307   0.01243  0.002109   0.05761        57       640    0.8432    0.5042    0.5816    0.2476   0.08266   0.02789   0.01139
    85/199     2.26G    0.0501   0.01084   0.00216    0.0631        37       640    0.8296    0.4567    0.5422    0.1549   0.08151   0.02858   0.01159
    86/199     2.26G   0.05096   0.01169  0.002634   0.06528        63       640    0.6364    0.4449     0.482    0.1952   0.07837   0.03021   0.01166
    87/199     2.26G   0.04759   0.01323  0.002584    0.0634        77       640     0.887    0.5192    0.6466    0.3015   0.07507   0.03178   0.01187
    88/199     2.26G   0.04355   0.01286  0.003131   0.05955        59       640    0.6747    0.5577    0.6339    0.2724   0.07403   0.03195   0.01186
    89/199     2.26G    0.0461   0.01239  0.003105   0.06159        71       640    0.8053    0.5817    0.6685    0.3224   0.07461   0.03117   0.01172
    90/199     2.26G   0.04419   0.01268  0.002603   0.05946        73       640    0.7419    0.4567    0.5573    0.2632   0.07569   0.03087   0.01152
    91/199     2.26G   0.04614   0.01175  0.002634   0.06053        65       640    0.8167    0.5192    0.6825    0.3477   0.07451   0.03103   0.01131
    92/199     2.26G   0.04798   0.01227  0.002174   0.06243        54       640    0.9582    0.3794    0.5389    0.2471   0.07777   0.03013   0.01126
    93/199     2.26G   0.04903   0.01149  0.002999   0.06352        57       640    0.6451    0.5817    0.6222    0.2706   0.07783   0.03043   0.01152
    94/199     2.26G   0.04914   0.01293  0.002681   0.06475        69       640    0.4703    0.6198     0.552    0.2663   0.07527   0.03203   0.01174
    95/199     2.26G   0.04679   0.01148  0.003078   0.06135        64       640    0.5724    0.5817    0.6225      0.22   0.07586   0.03193   0.01173
    96/199     2.26G    0.0449   0.01285  0.003426   0.06117        52       640    0.5143    0.6193    0.6423    0.3532   0.07469   0.03175   0.01156
    97/199     2.26G   0.04234   0.01207  0.002599     0.057        79       640    0.8332    0.4669     0.567    0.3108   0.07345   0.03114   0.01128
    98/199     2.26G   0.04489   0.01351  0.002984   0.06138        64       640    0.5703    0.7587    0.6656    0.3209   0.07434   0.03001   0.01113
    99/199     2.26G   0.04392   0.01156  0.002344   0.05782        48       640     0.943    0.4919     0.652    0.3418   0.07682    0.0295   0.01118
   100/199     2.26G   0.04418   0.01277   0.00263   0.05958        73       640    0.6308    0.5957    0.5963    0.3392   0.07695   0.02894   0.01116
   101/199     2.26G   0.04329   0.01098  0.002498   0.05678        78       640    0.9435    0.5465    0.6646    0.3341   0.07473   0.02939   0.01129
   102/199     2.26G   0.04617    0.0123  0.002943   0.06141        84       640    0.7976    0.5192     0.529    0.3075   0.07704   0.02903   0.01129
   103/199     2.26G   0.04272   0.01158  0.002438   0.05674        65       640     0.889     0.514    0.7096    0.3482    0.0739   0.03019   0.01141
   104/199     2.26G   0.04567   0.01068  0.002279   0.05863        56       640    0.8035    0.4806    0.5163    0.2774   0.07812   0.02926   0.01135
   105/199     2.26G   0.04779   0.01108  0.002285   0.06115        58       640    0.7138    0.5188    0.6019    0.2086   0.07789   0.03008   0.01129
   106/199     2.26G   0.04844   0.01191  0.002686   0.06304        58       640    0.6453    0.5962    0.5911    0.2656   0.07594   0.03041   0.01119
   107/199     2.26G   0.04645   0.01137  0.002747   0.06057        46       640    0.6856    0.6984    0.7171    0.3638   0.07179   0.03203   0.01111
   108/199     2.26G   0.04465   0.01128  0.002553   0.05848        39       640    0.8942    0.3965    0.5315    0.2666   0.07752   0.03004   0.01102
   109/199     2.26G   0.04897   0.01146  0.002949   0.06337        60       640     0.572     0.774    0.6982    0.2904   0.07435   0.03164   0.01094
   110/199     2.26G   0.04663   0.01116  0.002799   0.06058        70       640    0.3623    0.6587    0.4859    0.1941   0.07651   0.03105   0.01109
   111/199     2.26G    0.0446   0.01103  0.002539   0.05818        60       640    0.5418    0.6731    0.6456    0.2759   0.07167    0.0324   0.01107
   112/199     2.26G   0.04031   0.01298   0.00273   0.05603        85       640    0.5681    0.5005    0.5429    0.3096   0.07167   0.03117   0.01088
   113/199     2.26G   0.03896    0.0129  0.002479   0.05435        66       640    0.7687    0.6587    0.7454    0.3365   0.07119   0.03057   0.01069
   114/199     2.26G   0.03822   0.01169   0.00248   0.05239        64       640    0.7419    0.5713    0.6595    0.3362   0.07121   0.03008   0.01058
   115/199     2.26G   0.03706   0.01179  0.002427   0.05128        44       640    0.8387    0.6584    0.7779    0.3646   0.07075   0.03042   0.01041
   116/199     2.26G   0.03791   0.01156  0.001673   0.05114        69       640    0.7116    0.6587    0.7058    0.3642   0.07145   0.03035   0.01024
   117/199     2.26G   0.03935   0.01179   0.00175   0.05289        77       640    0.6701    0.5954    0.6778    0.3587   0.07161   0.03028   0.01018
   118/199     2.26G   0.04141   0.01314  0.002062   0.05661        80       640    0.6567    0.5817    0.6312    0.3557   0.07159   0.03073   0.01013
   119/199     2.26G   0.04138   0.01181  0.002087   0.05527        73       640    0.6114    0.5576      0.58    0.2881   0.07327   0.03039   0.01002
   120/199     2.26G   0.04226   0.01187  0.001903   0.05603        57       640    0.6588    0.7342    0.6928    0.3561   0.07197   0.03124  0.009997
   121/199     2.26G   0.04092   0.01063   0.00172   0.05327        44       640    0.5277     0.582    0.6045    0.3661   0.07185   0.03125   0.01001
   122/199     2.26G   0.03955   0.01204  0.001804   0.05339        61       640    0.5689     0.634    0.6899    0.3811   0.07109    0.0315   0.01008
   123/199     2.26G   0.03814   0.01177  0.001793    0.0517        47       640     0.572    0.6202    0.6584    0.3802   0.06916   0.03122   0.01011
   124/199     2.26G   0.03902   0.01293  0.001792   0.05374        75       640      0.69    0.6182    0.7298     0.394   0.06854   0.03115   0.01018
   125/199     2.26G   0.03797   0.01312  0.001627   0.05271        79       640    0.4521    0.8846    0.6313    0.3843   0.06847    0.0311   0.01019
   126/199     2.26G   0.03933   0.01159  0.001629   0.05254        52       640    0.5047    0.9615    0.7221    0.3526   0.06931   0.03119   0.01025
   127/199     2.26G   0.03707   0.01099  0.001482   0.04955        50       640    0.5849    0.8195    0.7235     0.401   0.06707   0.03115   0.01027
   128/199     2.26G   0.03782   0.01029  0.002171   0.05028        36       640    0.5682    0.8986    0.7714    0.3637   0.06736   0.03105    0.0103
   129/199     2.26G   0.03732   0.01181   0.00152   0.05065        48       640    0.6626    0.9079    0.8171    0.4298   0.06628   0.03132   0.01036
   130/199     2.26G   0.03637   0.01056  0.001768    0.0487        54       640    0.6943    0.9358    0.8222    0.3925    0.0676   0.03085   0.01028
   131/199     2.26G   0.03653   0.01267  0.001712   0.05091        35       640    0.6515     0.899    0.7811    0.3652   0.06738   0.03058   0.01029
   132/199     2.26G   0.03771   0.01062  0.001478   0.04981        55       640    0.7023    0.9366     0.831    0.4086   0.06861   0.03059    0.0103
   133/199     2.26G   0.03756   0.01072  0.001348   0.04962        54       640    0.6619    0.8592    0.7761    0.3743   0.06946   0.02993   0.01025
   134/199     2.26G   0.03882   0.01092   0.00114   0.05088        48       640    0.6744     0.899    0.8032    0.4466   0.06733    0.0307   0.01014
   135/199     2.26G   0.03683   0.01126  0.001709    0.0498        69       640    0.6214    0.8987    0.7822    0.3915   0.06799   0.03047   0.01013
   136/199     2.26G   0.03813  0.009882  0.001276   0.04929        45       640    0.7783    0.8668    0.8384    0.3809   0.06741   0.03121   0.01014
   137/199     2.26G   0.03888   0.01065  0.001999   0.05152        49       640    0.5537    0.8221     0.649    0.3473   0.06878   0.03076   0.01014
   138/199     2.26G   0.03857   0.01142  0.001815    0.0518        49       640    0.7185    0.7972    0.7119    0.3588   0.06814   0.03086   0.01016
   139/199     2.26G   0.03437   0.01121   0.00156   0.04714        54       640     0.653    0.7292    0.6881    0.3638   0.06835    0.0304    0.0102
   140/199     2.26G   0.03636   0.01172  0.001833   0.04991        72       640    0.6753    0.6969    0.6875    0.3943   0.06861   0.03019    0.0102
   141/199     2.26G    0.0375   0.01066  0.001802   0.04996        55       640    0.5714    0.6971    0.6457    0.3711    0.0684   0.03003   0.01015
   142/199     2.26G   0.03746   0.01111  0.001718   0.05028        48       640    0.6571    0.8697    0.7755    0.4078   0.06756   0.03049   0.01011
   143/199     2.26G   0.03559   0.01027  0.001108   0.04696        69       640    0.7442    0.8766    0.8151    0.4213   0.06654    0.0304   0.01006
   144/199     2.26G    0.0347   0.01096  0.001405   0.04707        37       640    0.6864     0.837    0.7577    0.4257   0.06731   0.03074   0.01002
   145/199     2.26G   0.03416   0.01146  0.001421   0.04704        63       640    0.6961    0.8265    0.7727    0.4059   0.06687   0.03063      0.01
   146/199     2.26G   0.03378   0.01169  0.001502   0.04697        85       640    0.6993    0.8853    0.8111    0.4359   0.06714    0.0307  0.009937
   147/199     2.26G   0.03564   0.01115  0.001585   0.04838        49       640    0.7096    0.6971    0.7565    0.3912   0.06684   0.03077  0.009909
   148/199     2.26G   0.03648   0.01186  0.001827   0.05016        65       640    0.7444    0.7356    0.7823    0.4441   0.06752   0.03119  0.009902
   149/199     2.26G   0.03448   0.01086  0.001621   0.04695        58       640    0.7469    0.7355    0.7725    0.4232   0.06649   0.03112  0.009925
   150/199     2.26G   0.03367   0.01257  0.001467   0.04771        80       640    0.6869    0.6968    0.7507    0.3896   0.06624   0.03126  0.009878
   151/199     2.26G    0.0333   0.01257  0.001435    0.0473        93       640    0.7598    0.7737    0.8262    0.4213   0.06504   0.03147   0.00983
   152/199     2.26G   0.03264   0.01062  0.001308   0.04457        56       640    0.7203    0.7354    0.7687    0.3588   0.06549    0.0315  0.009745
   153/199     2.26G   0.03169   0.01067  0.001159   0.04351        47       640    0.7183    0.7356    0.7628    0.3746   0.06508    0.0314  0.009762
   154/199     2.26G   0.03157   0.01104  0.001251   0.04386        54       640    0.6269    0.8606    0.7719    0.3848   0.06568   0.03128  0.009722
   155/199     2.26G   0.03131   0.01062  0.001071   0.04299        66       640    0.6165    0.8606    0.7616    0.4355   0.06522   0.03135  0.009715
   156/199     2.26G   0.03504  0.009924  0.001759   0.04672        27       640    0.6357    0.7596    0.7398     0.405   0.06541   0.03115  0.009706
   157/199     2.26G     0.032   0.01086  0.001098   0.04396        68       640    0.6639    0.7596    0.7518     0.405   0.06493   0.03119  0.009698
   158/199     2.26G   0.03163    0.0116  0.001718   0.04495        57       640    0.6763    0.8198    0.7764    0.4124   0.06529   0.03083  0.009711
   159/199     2.26G   0.03098  0.009667 0.0008977   0.04154        61       640    0.6636    0.8606    0.7863     0.435   0.06498    0.0308  0.009725
   160/199     2.26G   0.03208   0.01067  0.001293   0.04405        45       640    0.7056    0.8444    0.7824     0.403   0.06485    0.0307  0.009659
   161/199     2.26G   0.03091   0.01091  0.001419   0.04324        47       640    0.8158    0.8875    0.8493    0.4144   0.06493   0.03072  0.009646
   162/199     2.26G   0.03107   0.01188   0.00125    0.0442        62       640    0.7771    0.8922      0.83    0.4263    0.0646   0.03079  0.009571
   163/199     2.26G   0.03287   0.01022  0.001534   0.04462        54       640    0.7415    0.8547    0.7979    0.3949   0.06459   0.03085  0.009539
   164/199     2.26G   0.03151   0.01174  0.001795   0.04505        60       640    0.7781    0.8984    0.8391    0.4105   0.06444   0.03098  0.009493
   165/199     2.26G   0.02981   0.01036 0.0009997   0.04118        49       640    0.7785    0.8985    0.8389    0.4163   0.06409   0.03094  0.009444
   166/199     2.26G   0.02983   0.01099 0.0008656   0.04169        45       640    0.8013    0.8244    0.8365     0.413   0.06412   0.03079  0.009366
   167/199     2.26G   0.03037   0.01032 0.0009662   0.04165        40       640     0.741    0.8535    0.8004    0.4218   0.06407   0.03074  0.009327
   168/199     2.26G   0.03083   0.01207  0.001223   0.04413        87       640    0.7568    0.8221    0.8049    0.4304   0.06382   0.03086  0.009248
   169/199     2.26G   0.02963   0.01109 0.0009032   0.04162        65       640    0.7302    0.8606    0.7904    0.4242   0.06372   0.03095  0.009198
   170/199     2.26G   0.02958   0.01042  0.001239   0.04124        53       640    0.7688    0.8606    0.8015    0.4273   0.06335   0.03106  0.009136
   171/199     2.26G   0.03084   0.01263 0.0009169   0.04438        90       640    0.8108    0.8541    0.8131     0.416   0.06317   0.03108  0.009098
   172/199     2.26G   0.02989   0.01192 0.0008237   0.04263        67       640    0.8093    0.8449    0.8084    0.3886   0.06342   0.03111  0.009071
   173/199     2.26G   0.02966   0.01017  0.001101   0.04093        47       640    0.8487    0.8798    0.8661    0.4128   0.06334   0.03114  0.009044
   174/199     2.26G   0.02966   0.01041 0.0009297   0.04099        45       640    0.7686    0.8372    0.8105    0.4192   0.06289   0.03122   0.00903
   175/199     2.26G   0.02897   0.01009 0.0006766   0.03973        58       640    0.8075    0.8342    0.8372    0.4324   0.06291   0.03117  0.009022
   176/199     2.26G   0.03088   0.01092  0.001215   0.04301        65       640    0.7549    0.7837    0.7836    0.4099   0.06287   0.03118  0.009055
   177/199     2.26G   0.02893   0.01168 0.0007885    0.0414        60       640    0.7973    0.8221    0.8147    0.4075   0.06265   0.03122  0.009045
   178/199     2.26G   0.02836   0.01016 0.0008026   0.03932        42       640    0.7556    0.7837    0.7841    0.4116   0.06277   0.03119  0.009056
   179/199     2.26G   0.03037   0.01178  0.001223   0.04337        70       640    0.7966    0.8221     0.816    0.4228   0.06254   0.03123  0.009061
   180/199     2.26G   0.02908   0.01021  0.001042   0.04032        63       640    0.7972    0.8221     0.816    0.4122   0.06254   0.03124  0.009093
   181/199     2.26G    0.0304   0.01018 0.0009746   0.04156        49       640     0.798    0.8221    0.8156    0.4064   0.06266   0.03119  0.009097
   182/199     2.26G   0.02942   0.01071  0.001303   0.04144        47       640    0.7975    0.8221    0.8156    0.4064    0.0626   0.03117   0.00908
   183/199     2.26G   0.02996    0.0112 0.0008454     0.042        69       640    0.7965    0.8221    0.8156    0.4235   0.06234   0.03116  0.009077
   184/199     2.26G   0.02884   0.01119 0.0006242   0.04066        45       640     0.797    0.8221    0.8145    0.4319   0.06238   0.03112  0.009053
   185/199     2.26G   0.03009   0.01083 0.0006865   0.04161        73       640    0.7979    0.8221    0.8136    0.4313    0.0624   0.03111  0.009041
   186/199     2.26G   0.03044   0.01025  0.001046   0.04173        64       640    0.7586    0.7837    0.7786    0.4273   0.06244   0.03111  0.009036
   187/199     2.26G   0.02933   0.01126  0.001048   0.04163        56       640    0.7589    0.7837    0.7781    0.4277    0.0623   0.03115  0.009018
   188/199     2.26G   0.02841   0.01032   0.00106   0.03979        56       640    0.7994    0.8221    0.8133    0.4316    0.0622   0.03115   0.00899
   189/199     2.26G   0.02906   0.01043 0.0008812   0.04037        38       640    0.8001    0.8221    0.8136      0.42    0.0622   0.03114   0.00897
   190/199     2.26G   0.02957  0.009803  0.001422   0.04079        51       640    0.8015    0.8221    0.8176    0.4204   0.06226   0.03111  0.008954
   191/199     2.26G    0.0299   0.01023 0.0009908   0.04112        44       640    0.8014    0.8221    0.8179    0.4205   0.06226   0.03111  0.008974
   192/199     2.26G   0.02904   0.01048  0.001046   0.04056        51       640    0.8006    0.8221    0.8179    0.4086   0.06228   0.03104  0.008987
   193/199     2.26G   0.02899    0.0107  0.001034   0.04073        53       640     0.803    0.8221    0.8179    0.4107   0.06227   0.03105  0.008969
   194/199     2.26G   0.03047   0.01141 0.0008346   0.04271        57       640    0.8024    0.8221    0.8197    0.4236   0.06234     0.031  0.008954
   195/199     2.26G   0.02998   0.01044 0.0009761    0.0414        64       640    0.7993    0.8221    0.8194    0.4279   0.06232   0.03105  0.008967
   196/199     2.26G   0.03015   0.01204  0.001438   0.04362        75       640    0.7989    0.8221    0.8188    0.4272   0.06228   0.03109  0.008996
   197/199     2.26G   0.02973   0.01148  0.001088   0.04229        41       640    0.7636    0.8221    0.8089    0.4265   0.06228   0.03113  0.008991
   198/199     2.26G   0.02957   0.01111 0.0007988   0.04148        49       640    0.7628    0.8221    0.8012    0.4228   0.06231   0.03112  0.008997
   199/199     2.26G   0.03025   0.01227 0.0009605   0.04348        64       640     0.762    0.8221    0.8009    0.4228   0.06224   0.03108  0.009003
